0	69.441	93.691	80.554	74.007	51.478	66.828	87.573	55.045	79.555	101.44	96.602	87.807	75.425	84.953	93.536	57.775	112.18	115.22	61.919	65.154	31.289	67.713	42.202	66.761	40.804	101.81	34.928	106.63	55.399	43.428	107.58	100.49	110.68	107.92	47.424	96.052	94.409	105.93	78.619	112.37	127.73	126.5	87.144	71.652	83.94	136.48	81.228	69.296	78.81	96.985	115.33	133.76	67.119	81.498	69.671	97.637	85.294	72.54	70.498	112.08	52.01	112.34	97.376	66.978	111.42	125.5	131.02	132.83	59.942	119.49	97.745	126.1	84.226	113.75	140.47	132.14	101.89	105.2	112.63	139.03	99.298	99.94	102.22
69.441	0	29.086	24.352	15.133	25.14	31.081	34.713	77.576	26.019	39.674	43.977	35.833	44.396	46.872	42.059	50.478	43.29	53.861	64.514	44.956	46.141	63.961	55.579	31	76.23	56.754	52.631	58.447	51.701	31.048	53.113	48.477	66.468	57.567	63.063	48.929	33	49.487	52.355	54.056	68.775	57.637	64.56	42.872	54.827	84.794	58.447	31.209	30.282	71.176	47	70.866	67.313	55.696	61.741	77.259	73.355	35.665	84.912	64.846	59.152	63.443	74.713	45.978	56.285	70.321	82.043	78.804	68.184	69.491	36.715	67.491	55.767	55.29	78.873	63.159	72.409	68.717	73.28	87.481	68.92	58.086	54.065
93.691	29.086	0	16.823	19.875	43.336	33.764	19.672	99.82	38.949	28	40.817	37.603	56.152	48.466	30.545	70.242	22.494	45.044	92.887	46.851	66.701	88.707	71.743	57.697	104.39	36.125	81.4	36.905	65.689	50.853	63.19	34.467	45.188	37.202	92.136	56.604	43.37	48.857	76.857	27.203	41.617	37.63	87.235	47.937	70.214	58.086	51.633	43.863	26.552	86.221	28.337	64.203	95.021	58.052	78.473	98.077	86.122	60.083	110.96	49.406	86.076	42.673	85.053	62.322	65.651	61.604	65.917	65.038	95.964	75.967	45.848	66.94	79.12	30.871	58.352	44.822	92.742	72.732	84.723	62.249	63.734	66.197	51.817
80.554	24.352	16.823	0	10	29.138	20.273	21.354	94.546	43.058	41.024	50.01	44.418	57.671	51.865	37.39	57.035	38.38	49.132	87.241	34.525	51.788	80.012	55.317	54.534	93.349	34.67	72.256	41.34	49.558	37.216	68.162	29.445	42.202	34.337	84.321	53.094	48.6	49.356	74.458	38.092	48.28	51.41	83.839	32.45	62.458	65.795	41.049	31.161	11.225	90.78	44.811	78.924	91.115	58.318	77.389	100.74	87.464	59.841	107.49	57.914	81.228	49.86	89.359	61.474	72.726	75.073	77.084	78.492	91.422	86.209	53.113	79.787	79.467	43.197	73.986	61.106	95.53	80.131	92.526	71.582	66.94	73.763	61.041
74.007	15.133	19.875	10	0	23.601	19.672	22.891	85.434	34.554	38.197	44.911	38.066	49.457	46.195	35.581	54.268	40.062	52.593	78.454	34.583	47.011	74.418	53.442	45.891	86.081	42.024	63.569	45.88	49.193	31.193	63.765	38.092	51.585	44.306	75.591	52.943	43.428	50.99	66.783	43.023	57.088	54.653	77.569	35.735	60.638	72.229	45.177	30.512	18.055	81.786	45.122	75.69	81.719	53.301	68.535	91.345	79.209	50.606	97.545	57.775	71.372	52.783	81.296	52.564	67.506	71.61	76.72	76.766	81.695	79.473	47.339	74.873	70.845	46.152	74.793	62.113	87.167	73.355	84.481	76.368	64.101	66.068	55.767
51.478	25.14	43.336	29.138	23.601	0	20.149	40.361	73.824	45.266	58.224	60.017	51.575	53.094	54.562	51.662	40.841	63.356	68.884	68.659	29.069	23.431	64.148	32.265	44.688	67.786	55.362	47.645	61.644	33	8.7178	74.786	51.361	63.797	58.532	61.879	59.211	56.683	63.253	64.969	63.765	76.642	77.214	74.993	30.887	58.189	90.033	44.811	27.964	28.302	85.592	68.125	95.089	73.722	56.939	65.146	92.266	78.899	52.077	88.148	73.164	61.278	69.145	85.1	51.633	79.649	89.269	93.354	94.942	71.924	92.288	61.351	91.712	71.372	66.851	96.338	85.094	89.95	82.498	93.199	94.387	71.624	75.75	69.419
66.828	31.081	33.764	20.273	19.672	20.149	0	24.393	82.898	46.787	49.84	53.16	46.626	52.735	47.043	38.432	57.602	56.089	68.71	86.856	15.067	39.357	83	44.486	59.068	87.664	36.014	66.227	42.544	44.755	25.02	82.807	44.721	46.883	46.087	80.753	67.705	62.618	67.194	80.616	47.413	62.929	70.795	91.356	34.264	71.764	71.007	27.749	37.947	22.204	90.454	60.622	92.011	90.383	48.394	68.862	103.01	79.881	63.891	101.92	57.801	75.558	51.039	85.311	54.626	86.522	81.603	78.975	83.75	87.869	94.8	66.136	91.241	84.9	51.274	83.863	78.032	102.12	79.234	97.601	75.703	59.11	76.145	62.873
87.573	34.713	19.672	21.354	22.891	40.361	24.393	0	91.318	40.175	29.85	36.565	33.481	48.27	36.469	18.055	75.954	38.846	64.078	97.463	32.985	62.209	97.067	68.498	64.915	105.71	26.42	81.197	23.854	66.633	45.837	79.284	45.376	42.202	42.743	94.223	72.574	58.121	66.963	86.533	24.88	49.749	55.163	98.798	51.352	82.735	52.163	37.643	51.72	30.887	84.906	41.28	74.034	98.6	42.344	69.75	101.92	76.72	65.977	109.12	36.959	84.297	30.033	78.134	54.653	80.38	61.221	57.079	61.425	96.737	82.849	59.135	75.908	87.241	27.092	59.716	58.498	101.56	66.851	88.595	54.736	47.212	65.399	46.583
55.045	77.576	99.82	94.546	85.434	73.824	82.898	91.318	0	68.272	91.63	79.234	73.116	51.468	66.671	86.238	96.26	112.74	130.53	66.993	82.383	69.75	95.609	86.735	71.225	72.56	112.86	51.439	108.4	97.052	67.097	109.73	122.47	128.27	127.64	59	118.29	95.755	123.98	83.923	113.38	139.8	129.75	99.99	104.11	113.06	137.79	99.83	97.036	99.403	57.671	111.01	115.72	60.175	63.356	30.364	68.666	40.902	65.833	39.038	98.838	34.073	108.02	54.314	41.376	106.48	100.93	111.07	109.74	46.744	93.867	93.306	105.49	76.577	109.88	125.3	126.4	87.184	69.9	80.784	134.32	80.012	69.296	78.67
79.555	26.019	38.949	43.058	34.554	45.266	46.787	40.175	68.272	0	28.089	24.352	16.401	25.02	31.177	35.214	73.926	45.398	69.469	67.831	57.393	63.64	79.887	76.72	37.148	87.304	66.513	59.573	60.638	75.961	47.843	56.604	69.145	80.567	74.92	68.381	69.231	36.77	67.513	57.393	55.937	79.806	62.105	73.899	68.081	76.544	86.273	71.225	57.175	52.479	48.031	43.29	55.145	65.131	43.943	45.133	61.887	53.047	31	75.425	54.461	53.61	60.465	50.863	29.883	53.113	49.295	67.335	60.539	64.031	48.888	33	49.457	51.701	52.402	66.558	58.549	63.922	43.578	50.941	84.416	56.4	32.202	31.78
101.44	39.674	28	41.024	38.197	58.224	49.84	29.85	91.63	28.089	0	16.31	18.708	41.195	32.573	20.712	89.521	28.036	64.475	94.678	59.958	80.405	101.1	90.083	61	112.65	52.01	85.755	41.881	87.287	63.135	66.219	62.258	66.287	62.929	95.42	76.026	46.487	68.432	80.069	32.802	60.299	45.695	94.329	72.952	89.185	61.822	67.186	66.242	52.163	66.408	22.869	45.277	92.634	46.239	64.792	84.918	67.949	56.727	102.57	34.771	81.394	39.256	63.135	50.398	62.594	34.103	45.88	39.975	92.092	56.027	42.685	47.339	75.498	27	40.162	38.794	85.188	47.603	64.452	59.017	49.376	43.151	25.865
96.602	43.977	40.817	50.01	44.911	60.017	53.16	36.565	79.234	24.352	16.31	0	9.2736	27.803	20.025	21.84	94.074	44.045	78.759	91.531	60.869	79.819	103.68	91.875	61.392	110	60.374	81.633	48.436	91.788	62.849	73.519	75.113	76.877	75.67	91.526	86.406	53.898	80.951	81.049	44.565	75.113	61.595	97.293	80.511	96.881	70.753	70.47	73.607	61.082	54.129	38.38	50.12	87.573	34.843	50.735	77.363	52.182	54.534	92.401	33.151	73.082	43.784	47.392	38.026	68.162	30.083	43.186	37.417	85	52.697	48.6	48.754	73.743	37.457	46.765	52.735	82.807	32.342	56.868	65.582	39.497	31.369	11.18
87.807	35.833	37.603	44.418	38.066	51.575	46.626	33.481	73.116	16.401	18.708	9.2736	0	22.517	18.466	22.113	85.463	44.113	75.478	83.391	55	71.028	95.137	83.457	53.301	100.89	59.034	72.622	49.437	83.6	54.185	69.318	71.035	75.193	73.007	82.855	80.312	49	76.243	73.763	46.325	75.273	62.113	90.044	73.498	89.409	74.31	66.363	66.015	55.145	52.44	40.162	54.314	80.069	33.136	46.13	73.355	50.369	47.202	86.081	38.588	65.383	46.915	47.603	31.78	65.023	38.639	51.332	46.669	77.466	53.749	44.632	51.488	67.454	40.853	54.708	55.902	78.147	35.861	56.692	70.661	41.929	31.969	18.412
75.425	44.396	56.152	57.671	49.457	53.094	52.735	48.27	51.468	25.02	41.195	27.803	22.517	0	18.921	38.131	87.333	65.765	93.048	75.584	57.359	66.378	94.276	81.695	53.759	91.455	73.007	62.362	64.335	85.732	52.029	80.337	86.608	90.028	89.292	73.007	91.831	61.433	91.181	73.824	65.795	95.21	83.648	91.624	81.123	96.234	91.548	72.076	73.682	66.738	41.34	62.338	70.633	70.342	26.552	23.728	65.192	30.232	45.989	68.855	51.4	50.12	61.887	32.757	10.63	75.598	52.402	63.561	60.671	64.265	59.816	57.088	64.187	65.582	60.647	74.068	77.705	76.577	31.129	55.399	87.121	41.725	30.676	28.636
84.953	46.872	48.466	51.865	46.195	54.562	47.043	36.469	66.671	31.177	32.573	20.025	18.466	18.921	0	22.716	92.785	58.966	90.543	91.482	50.299	70.979	105.16	83.964	65.299	104.85	58.822	76.295	47.634	87.258	55.073	86.948	79.931	77.013	79.177	88.408	94.493	66.363	91.269	86.729	51.078	83.096	77.259	103.48	78.962	101.6	73.993	61.327	74.813	61.758	56.666	55.335	69.864	87.624	15.067	39.357	82.28	41.881	59.473	87.596	33.015	67.868	43.863	43.301	28.089	82.879	45.891	47.434	49	82.219	67.72	62.554	67.186	80.256	45.321	61.465	71.162	91.444	34.337	67.253	68.949	25.554	39.762	22.226
93.536	42.059	30.545	37.39	35.581	51.662	38.432	18.055	86.238	35.214	20.712	21.84	22.113	38.131	22.716	0	88.888	41.869	74.82	99.805	44.43	72.429	105.73	81.67	68.147	112.01	39.294	85.047	27.586	81.548	55.399	82.195	61.879	56.877	58.966	97.427	84.244	60.992	78.166	89.744	28.443	60.671	59.607	104.24	68.14	94.8	53.842	50.488	66.068	47.896	73.559	39.825	65.338	98.377	31.417	60.671	95.279	64.389	65.399	104.73	22.847	82.304	25.612	63.961	46.872	80.156	45.76	41.881	45.486	95.436	73.089	58.966	66.828	86.539	23.791	49.01	56.321	98.6	50.784	77.994	51.284	33.601	52.545	30.166
57.775	50.478	70.242	57.035	54.268	40.841	57.602	75.954	96.26	73.926	89.521	94.074	85.463	87.333	92.785	88.888	0	84.652	69.318	61.4	65.917	37.43	35.143	34.015	50.01	51.72	86.631	49.619	96.85	23.937	42.802	73.273	61.693	87.556	75.644	56.258	44.744	65.215	57.593	57.21	95.005	95.677	92.054	56.462	35.749	29.631	121.45	77.227	27.386	50.408	109.08	91.635	115.73	72.904	96.819	95.708	102.63	111.02	63.592	97.785	111.27	73.885	105.66	116.34	83.917	83.355	120.62	130.52	129.05	76.505	110.93	73.539	111.33	72.76	99.725	127.02	104.96	91.537	115.52	112.47	128.35	112.08	103.62	103.74
112.18	43.29	22.494	38.38	40.062	63.356	56.089	38.846	112.74	45.398	28.036	44.045	44.113	65.765	58.966	41.869	84.652	0	39.636	100.41	69.087	86.551	97.309	92.027	64.413	117.7	52.469	94.678	49.376	84.362	70.781	55.507	45.717	59.11	49.051	102.79	59.211	39.56	47.381	79.731	33.136	42.356	18.385	89.387	66.227	77.11	61.628	72.952	59.008	46.508	87.189	10.05	47.202	101.34	71.428	88.826	97.637	94.122	64.514	118.84	55.308	96.234	51.313	89.118	73.253	55.946	53.861	65.368	58.958	104.18	66.491	39.875	53.226	79.937	33.867	47.106	22.825	89.716	74.014	79.41	64.07	74.485	65.33	53.263
115.22	53.861	45.044	49.132	52.593	68.884	68.71	64.078	130.53	69.469	64.475	78.759	75.478	93.048	90.543	74.82	69.318	39.636	0	98.636	82.91	87.681	81.351	87.579	66.678	111.53	71.091	96.763	77.414	74.31	77.259	48.27	36.125	68.096	49.406	102.05	30.348	43.382	14.353	74.471	63.695	50.606	32.45	75.531	57.07	51.778	88.074	86.238	48.177	48.703	111.74	48.518	75.067	104.3	101.51	113.21	111.02	122.41	73.519	130.43	91.869	106.97	83.94	119.3	97.268	57.663	91.728	104.37	98.484	110.84	89.633	50.882	78.778	83.024	68.877	85.112	51.633	94.308	107.69	102.24	95.551	108.35	94.8	88.893
61.919	64.514	92.887	87.241	78.454	68.659	86.856	97.463	66.993	67.831	94.678	91.531	83.391	75.584	91.482	99.805	61.4	100.41	98.636	0	95.389	66.008	38.432	77.994	36.069	36.125	119.79	28.601	121.12	78.556	66.378	67.209	104.96	128.63	118.14	14.866	76	65.154	87.057	28.478	117.71	131.09	110.8	37.603	87.144	65.376	148.72	112.88	71.722	88.662	72.402	102	105.61	14.036	97.581	72.787	52.412	86.377	39.268	45.651	120.62	34.191	124.45	89.409	68.527	69.239	112.41	134.5	126.61	23.601	84.018	67.007	94.493	32.619	117.15	132.58	113.58	46.744	96.26	77.318	149.73	115.37	80.784	96.234
65.154	44.956	46.851	34.525	34.583	29.069	15.067	32.985	82.383	57.393	59.958	60.869	55	57.359	50.299	44.43	65.917	69.087	82.91	95.389	0	40.571	92.855	44.766	70.922	92.293	38.079	71.784	44.643	49.234	30.017	97.478	55.669	49.528	53.842	87.441	81.603	77.162	81.609	92.607	54.507	71.295	84.018	103.62	42.485	83.887	72.89	18.574	49.99	35.014	97.206	72.938	103.89	98.6	47	70.548	112.09	81.08	75.16	106.37	59.917	80.808	52.972	88.685	58.472	100.78	89.286	81.548	89.426	94.308	105.91	80.156	103.08	96.39	58.086	91.378	90.41	113.75	84.03	107.22	77.279	56.754	84.03	69.239
31.289	46.141	66.701	51.788	47.011	23.431	39.357	62.209	69.75	63.64	80.405	79.819	71.028	66.378	70.979	72.429	37.43	86.551	87.681	66.008	40.571	0	60.712	17.493	54.461	53.46	74.068	40.237	81.566	28.249	17.349	90.122	69.549	80.975	76.974	55.191	71.868	74.74	79.762	70.866	86.052	97.596	99.805	78.873	40.804	63.632	110.19	55.866	40.755	48.374	95.859	91.291	116.05	72.842	69.921	71.028	99.207	86.394	63	85.047	92.65	59.917	89.208	95.671	61.522	95.713	109.59	113.08	115.56	69.441	108.91	79.706	111.08	79.051	89.174	118.88	108.12	98.316	97.391	106.83	114.74	86.134	91.187	87.966
67.713	63.961	88.707	80.012	74.418	64.148	83	97.067	95.609	79.887	101.1	103.68	95.137	94.276	105.16	105.73	35.143	97.309	81.351	38.432	92.855	60.712	0	64.234	44.159	39.038	113.59	44.733	120.25	58.395	64.645	64.203	87.504	116.81	103.16	39.875	52.355	64.761	67.454	36.194	115.64	118.98	103.58	28.758	68.184	34.191	145.41	107.05	53.526	76.929	102.26	102.42	115.61	51.962	111.49	98.484	85.17	113.39	56.383	83	128.48	65.544	126.81	116.67	89.336	73.396	126.64	145.02	138.97	60.448	103.53	71.687	108.04	54.12	118.25	138.87	113.25	70.029	118.71	102.96	150.21	128.27	102.94	111.62
42.202	55.579	71.743	55.317	53.442	32.265	44.486	68.498	86.735	76.72	90.083	91.875	83.457	81.695	83.964	81.67	34.015	92.027	87.579	77.994	44.766	17.493	64.234	0	66.136	61.106	74.793	54.415	85.726	16.371	29.95	97.273	65.992	77.724	73.342	67.631	71.407	83.006	79.699	80.722	90.349	96.265	103.28	85.493	34.073	62.04	112.13	55.399	39.937	48.559	112.34	98.204	126.4	86.637	82.735	88.028	114.61	103.08	76.453	101.33	101.48	76.485	95.068	112.09	77.84	104.73	121.39	122.61	126.26	84.652	122.26	89.381	122.71	91.537	95.174	127	114.43	111.04	112.4	121.77	118.76	97.309	106.12	100.89
66.761	31	57.697	54.534	45.891	44.688	59.068	64.915	71.225	37.148	61	61.392	53.301	53.759	65.299	68.147	50.01	64.413	66.678	36.069	70.922	54.461	44.159	66.136	0	58.017	87.75	36.62	88.549	62.944	46.357	42.048	73.11	96.639	85.563	39.598	50.804	31.686	57.463	22.76	82.976	96.068	75.452	38.484	62.634	49.588	114.49	86.747	45.706	57.879	62.442	66.468	76.164	39.115	74.478	62.49	54.973	75.326	14.036	64.288	89.811	41.785	92.022	75.756	51	44.733	83.271	104.07	96.379	44.181	63.103	34.598	67.809	27.221	82.741	99.086	78.842	46.109	75.333	62.952	115.96	90.227	59.169	68.425
40.804	76.23	104.39	93.349	86.081	67.786	87.664	105.71	72.56	87.304	112.65	110	100.89	91.455	104.85	112.01	51.72	117.7	111.53	36.125	92.293	53.46	39.038	61.106	58.017	0	123.12	29.138	128.35	65.376	63.206	93.22	108.54	129.77	121.02	24.94	85.469	88.102	99.025	57.044	128.69	139.32	128.58	59.287	82.006	68.447	157.17	108.79	72.201	91.137	99.705	121.3	133.67	46.733	106.7	86.781	86.058	102.48	65.992	64.039	133.35	51.029	134.08	110.31	83.096	98.565	135.82	150.69	147.24	46.968	115.75	92.45	124.21	66.851	130.12	152.66	135.24	82.68	118.16	109.27	160.28	125.27	106.34	116.03
101.81	56.754	36.125	34.67	42.024	55.362	36.014	26.42	112.86	66.513	52.01	60.374	59.034	73.007	58.822	39.294	86.631	52.469	71.091	119.79	38.079	74.068	113.59	74.793	87.75	123.12	0	101.55	18.248	71.931	61	98.853	42.532	19.053	30.48	115.39	83.6	79.145	76.485	108.56	26.476	38.639	63.474	118.48	53.991	94.377	37.457	28.723	62.04	37.497	110.9	56.833	93.451	122.48	60.49	93.15	128.2	99.569	90.824	133.59	47.011	108.12	30.594	101.96	79.051	101.77	80.262	65.955	75.611	120.68	107.27	81.639	98.01	111.63	34.264	69.065	70.739	126.48	89.95	114.31	46.065	60.008	90.78	69.239
34.928	52.631	81.4	72.256	63.569	47.645	66.227	81.197	51.439	59.573	85.755	81.633	72.622	62.362	76.295	85.047	49.619	94.678	96.763	28.601	71.784	40.237	44.733	54.415	36.62	29.138	101.55	0	103.99	59.338	42.825	77.621	92.962	111.15	103.8	16.401	76.118	67.742	86.354	45.089	104.36	119.74	107.79	55.982	70.242	65.468	133.33	89.722	59.076	72.904	73.58	96.959	108.7	34.073	78.956	59.211	66.641	75.067	41.881	49.254	105.81	27	108.3	82.377	54.166	80.461	107.56	122.36	118.76	30.676	91.132	70.356	99.343	49.78	104.51	125.61	111.75	67.387	89.275	84.605	134.87	97.529	78.23	87.184
106.63	58.447	36.905	41.34	45.88	61.644	42.544	23.854	108.4	60.638	41.881	48.436	49.437	64.335	47.634	27.586	96.85	49.376	77.414	121.12	44.643	81.566	120.25	85.726	88.549	128.35	18.248	103.99	0	84.315	66.483	99.02	55.371	35.581	45.056	117.55	91.597	78.594	83.552	109.95	18.055	45.321	62.594	121.98	67.454	103.49	30.43	39.497	71.958	48.177	101.12	50.488	83.391	121.73	50.1	85.299	122.07	89.09	88.769	129.79	29.275	105.92	12.369	89.967	72.042	99.398	65.276	47.781	58.703	119.17	97.739	78.816	88.335	109.88	21.095	54.415	64.226	123.01	76.328	104.62	33.242	45.804	79.712	55.669
55.399	51.701	65.689	49.558	49.193	33	44.755	66.633	97.052	75.961	87.287	91.788	83.6	85.732	87.258	81.548	23.937	84.362	74.31	78.556	49.234	28.249	58.395	16.371	62.944	65.376	71.931	59.338	84.315	0	34.771	88.148	54.36	72.062	64.148	70.668	57.576	75.406	66.061	76.053	86.134	87.149	93.354	78.568	22.113	48.918	108.72	57.801	28.054	40.915	115.19	91.652	121.1	88.261	88.482	95.231	115.43	110.05	74.76	107.61	102.24	82.061	94.372	117.09	83.156	97.124	120.05	123.02	125.37	88.736	119.57	83.024	118.35	88.831	91.902	123.31	106.63	108.14	115.28	121.28	116.57	102.2	107.09	101.73
43.428	31.048	50.853	37.216	31.193	8.7178	25.02	45.837	67.097	47.843	63.135	62.849	54.185	52.029	55.073	55.399	42.802	70.781	77.259	66.378	30.017	17.349	64.645	29.95	46.357	63.206	61	42.825	66.483	34.771	0	80.106	59.816	70.271	66.378	58.078	66.076	62.33	71.113	66.37	70.071	84.652	85.217	76.968	37.283	62.976	95.656	47.202	35.014	36.674	84.345	74.893	100.07	71.127	55.767	61.123	91.22	75.531	53.104	83.223	76.217	56.666	73.41	83.175	49.051	84.404	92.612	96.39	98.397	67.978	94.895	66.393	95.807	72.125	72.533	101.59	92.092	90.835	82.523	94.117	99.343	71.596	76.564	71.407
107.58	53.113	63.19	68.162	63.765	74.786	82.807	79.284	109.73	56.604	66.219	73.519	69.318	80.337	86.948	82.195	73.273	55.507	48.27	67.209	97.478	90.122	64.203	97.273	42.048	93.22	98.853	77.621	99.02	88.148	80.106	0	74.572	103.82	88.278	76.472	42.579	21.633	42.024	39.166	86.284	90.227	56.542	43.324	80.019	53.917	116.67	108.63	62.49	71.903	80.914	57.567	59.169	69.441	100.09	94.81	69.728	103.41	43.92	97.268	100.87	80.187	101.61	97.75	82.177	14.036	83.463	110.28	97.678	78.943	57.044	25	54.351	42.391	86.267	92.812	60.399	48.353	90.747	67.075	118.75	110.93	71.896	80.436
100.49	48.477	34.467	29.445	38.092	51.361	44.721	45.376	122.47	69.145	62.258	75.113	71.035	86.608	79.931	61.879	61.693	45.717	36.125	104.96	55.669	69.549	87.504	65.992	73.11	108.54	42.532	92.962	55.371	54.36	59.816	74.572	0	35.972	17.321	103.19	46.904	60.671	39.737	88.153	48.58	34.986	48.374	92.098	32.465	59.917	68.775	54.203	36.442	23.77	116.95	55.308	92.011	111.25	86.429	106.57	123.01	116.64	81.056	132.44	78.416	106.12	65.704	117.53	90.554	82.595	95.053	95.65	97.108	114.02	105.31	67.631	95.692	97.036	57.105	85.889	65.917	112.41	106.72	114.74	79.164	92.38	99.066	86.168
110.68	66.468	45.188	42.202	51.585	63.797	46.883	42.202	128.27	80.567	66.287	76.877	75.193	90.028	77.013	56.877	87.556	59.11	68.096	128.63	49.528	80.975	116.81	77.724	96.639	129.77	19.053	111.15	35.581	72.062	70.271	103.82	35.972	0	19.647	124.43	82.134	86.18	74.411	115.75	38.393	31.401	65.345	123.07	52.383	93.424	42.802	37.175	63.356	40.608	126.89	65.552	103.99	132.98	79.12	110.15	141.34	117.55	101.73	147.26	64.692	121.03	47.276	119.82	95.53	108.75	95.42	82.055	90.94	132.47	120.09	90.3	109.57	121.3	47.969	80.629	77.013	136.58	107.63	128.51	55.507	79.006	106.74	86.331
107.92	57.567	37.202	34.337	44.306	58.532	46.087	42.743	127.64	74.92	62.929	75.67	73.007	89.292	79.177	58.966	75.644	49.051	49.406	118.14	53.842	76.974	103.16	73.342	85.563	121.02	30.48	103.8	45.056	64.148	66.378	88.278	17.321	19.647	0	115.45	64.031	72.67	55.669	102.54	40.645	24.739	52.536	108.03	42.356	76.903	54.387	47.138	50.398	30.935	122.74	57.507	96.115	123.45	84.155	110.03	132.95	118.68	91.989	141.68	71.477	115.26	56.116	119.81	94.34	94.71	94.292	88.482	93.091	124.84	112.12	78.141	101.34	109.71	50.408	81.049	68.007	124.79	107.71	121.7	66.295	86.96	103.12	86.168
47.424	63.063	92.136	84.321	75.591	61.879	80.753	94.223	59	68.381	95.42	91.526	82.855	73.007	88.408	97.427	56.258	102.79	102.05	14.866	87.441	55.191	39.875	67.631	39.598	24.94	115.39	16.401	117.55	70.668	58.078	76.472	103.19	124.43	115.45	0	79.177	70.965	90.587	39.166	116.26	130.43	114.49	48.01	81.799	67.015	146.27	105.21	68.593	84.982	75.862	104.81	112.33	23.022	92.407	68.535	61.368	83.391	44.147	44.866	118.26	29.833	121.47	89.056	64.877	79.152	115.09	133.59	127.91	24	91.946	73.355	101.81	44.147	116.13	134.62	118.08	59.783	96.887	84.635	147.61	110.84	83.696	96.509
96.052	48.929	56.604	53.094	52.943	59.211	67.705	72.574	118.29	69.231	76.026	86.406	80.312	91.831	94.493	84.244	44.744	59.211	30.348	76	81.603	71.868	52.355	71.407	50.804	85.469	83.6	76.118	91.597	57.576	66.076	42.579	46.904	82.134	64.031	79.177	0	41.243	16.093	53.991	81.682	74.512	58.822	50.892	48.518	21.772	109.17	89.342	34.059	49.769	108.01	67.134	89.095	84.504	104.12	107.45	100.57	119.52	61.822	114.07	105.21	91.132	99.04	118.8	92.736	55.588	104.93	120.37	114.39	92.331	93.011	51.245	87.915	67.941	86.377	106.06	74.33	81.933	111.9	101.44	116.25	115.51	96.819	96.566
94.409	33	43.37	48.6	43.428	56.683	62.618	58.121	95.755	36.77	46.487	53.898	49	61.433	66.363	60.992	65.215	39.56	43.382	65.154	77.162	74.74	64.761	83.006	31.686	88.102	79.145	67.742	78.594	75.406	62.33	21.633	60.671	86.18	72.67	70.965	41.243	0	38.91	41.207	67.209	75.98	46.701	51.313	65.567	53.395	98.524	88.482	49.244	54.056	70.505	41.737	52.393	66.738	79.265	78.339	67.779	87.212	33.061	90.581	80.585	69.9	81.24	82.819	64.195	24.352	68.542	91.837	81.443	72.966	52.096	10.05	48.27	42.767	67.007	77.962	50.16	53.833	74.746	61.278	100.29	90.05	57.801	62.016
105.93	49.487	48.857	49.356	50.99	63.253	67.194	66.963	123.98	67.513	68.432	80.951	76.243	91.181	91.269	78.166	57.593	47.381	14.353	87.057	81.609	79.762	67.454	79.699	57.463	99.025	76.485	86.354	83.552	66.061	71.113	42.024	39.737	74.411	55.669	90.587	16.093	38.91	0	63.277	71.519	61.798	44.034	62.714	52.01	37.749	97.923	87.253	40.037	47.645	108.47	55.821	79.856	93.862	101.85	109.42	104.46	119.97	66.129	121.73	97.417	98.478	90.499	117.83	93.91	53.6	96.664	111.22	105.02	101.1	89.196	48.052	81.056	74.101	76.381	94.202	61.106	86.545	108.37	100.02	105.11	110.98	94.133	91.181
78.619	52.355	76.857	74.458	66.783	64.969	80.616	86.533	83.923	57.393	80.069	81.049	73.763	73.824	86.729	89.744	57.21	79.731	74.471	28.478	92.607	70.866	36.194	80.722	22.76	57.044	108.56	45.089	109.95	76.053	66.37	39.166	88.153	115.75	102.54	39.166	53.991	41.207	63.277	0	102.74	112.26	87.195	18.788	78.058	49.285	134.47	108.12	59.892	76.485	72.062	81.829	85.188	33.615	96.338	79.404	52.953	91.553	28.302	66.114	110.95	50.458	113.38	90.648	70.392	43.046	98.975	123.72	113.76	44.878	68.935	44.283	75.591	19.053	102.6	115.58	90.94	35.242	91.679	68.418	136.19	112.02	73.355	87.144
112.37	54.056	27.203	38.092	43.023	63.765	47.413	24.88	113.38	55.937	32.802	44.565	46.325	65.795	51.078	28.443	95.005	33.136	63.695	117.71	54.507	86.052	115.64	90.349	82.976	128.69	26.476	104.36	18.055	86.134	70.071	86.284	48.58	38.393	40.645	116.26	81.682	67.209	71.519	102.74	0	34.409	45.122	113.97	67.246	96.426	31.843	51.981	68.411	46.098	98.031	34.453	69.469	118.38	58.258	88.781	116.46	92.59	83.03	129.75	33.66	106.02	21.19	90.741	74.243	86.545	57.645	48.177	53.273	117.7	87.653	67.305	75.954	102.65	10.05	43.463	46.872	114.48	75.166	97.211	35.143	55.48	75.087	52.811
127.73	68.775	41.617	48.28	57.088	76.642	62.929	49.749	139.8	79.806	60.299	75.113	75.273	95.21	83.096	60.671	95.677	42.356	50.606	131.09	71.295	97.596	118.98	96.265	96.068	139.32	38.639	119.74	45.321	87.149	84.652	90.227	34.986	31.401	24.739	130.43	74.512	75.98	61.798	112.26	34.409	0	40.841	118.52	65.131	91.706	42.497	64.358	68.993	49.689	125.36	49.183	86.174	134.75	90.211	118.03	137.56	124.02	99.99	152.49	67.683	127.28	52.697	122.19	102.33	94.583	86.041	79.706	82.934	136.72	108.53	79.511	94.536	116.86	43.232	66.038	54.378	129.19	106.93	120.81	54.139	89.073	103.06	84.41
126.5	57.637	37.63	51.41	54.653	77.214	70.795	55.163	129.75	62.105	45.695	61.595	62.113	83.648	77.259	59.607	92.054	18.385	32.45	110.8	84.018	99.805	103.58	103.28	75.452	128.58	63.474	107.79	62.594	93.354	85.217	56.542	48.374	65.345	52.536	114.49	58.822	46.701	44.034	87.195	45.122	40.841	0	93.84	74.122	79.385	68.073	85.965	66.963	56.93	101.7	23.728	51.788	112.65	89.699	106.4	108.83	111.65	76.72	133.03	70.774	110.87	65.062	105.71	90.885	58.532	66.355	78.416	70.979	117.19	75.439	48.27	60.108	88.972	47.339	54.525	21.095	97.185	90.144	90.543	72.187	91.859	80.337	70.036
87.144	64.56	87.235	83.839	77.569	74.993	91.356	98.798	99.99	73.899	94.329	97.293	90.044	91.624	103.48	104.24	56.462	89.387	75.531	37.603	103.62	78.873	28.758	85.493	38.484	59.287	118.48	55.982	121.98	78.568	76.968	43.324	92.098	123.07	108.03	48.01	50.892	51.313	62.714	18.788	113.97	118.52	93.84	0	81.768	42.497	145.24	118.02	63.765	83.815	90.477	92.849	97.622	46.336	112.95	97.55	68.68	110.13	46.562	80.436	125.96	66.355	126.56	109.43	88.261	50.99	114.81	139.24	129.33	58.796	84.054	56.462	89.146	35.805	115.02	128.81	100.42	47.106	109.95	85.1	148.41	128.51	91.4	104.13
71.652	42.872	47.937	32.45	35.735	30.887	34.264	51.352	104.11	68.081	72.952	80.511	73.498	81.123	78.962	68.14	35.749	66.227	57.07	87.144	42.485	40.804	68.184	34.073	62.634	82.006	53.991	70.242	67.454	22.113	37.283	80.019	32.465	52.383	42.356	81.799	48.518	65.567	52.01	78.058	67.246	65.131	74.122	81.768	0	48.826	89.398	47.35	18.708	21.84	112.73	74.357	107.3	95.336	82.098	95.635	116.11	108.76	73.28	115.44	88.119	88.752	78.147	113.58	81.327	88.803	106.89	108.37	110.86	96.597	111.27	73.253	106.85	89.364	74.088	105.83	88.651	107.71	108.04	115.95	98.189	93.113	100.23	91.263
83.94	54.827	70.214	62.458	60.638	58.189	71.764	82.735	113.06	76.544	89.185	96.881	89.409	96.234	101.6	94.8	29.631	77.11	51.778	65.376	83.887	63.632	34.191	62.04	49.588	68.447	94.377	65.468	103.49	48.918	62.976	53.917	59.917	93.424	76.903	67.015	21.772	53.395	37.749	49.285	96.426	91.706	79.385	42.497	48.826	0	124.23	93.648	34.496	57.385	111.59	84.528	105	76.479	109.42	107.9	100.6	121.74	62.944	107.14	117.05	85.024	111.51	123.24	94.731	66.678	118.53	133.78	128.66	84.445	103.14	63.04	101.51	66.768	101.04	123.1	93.696	82.517	119.7	108.24	131.3	123.18	104.49	106.74
136.48	84.794	58.086	65.795	72.229	90.033	71.007	52.163	137.79	86.273	61.822	70.753	74.31	91.548	73.993	53.842	121.45	61.628	88.074	148.72	72.89	110.19	145.41	112.13	114.49	157.17	37.457	133.33	30.43	108.72	95.656	116.67	68.775	42.802	54.387	146.27	109.17	98.524	97.923	134.47	31.843	42.497	68.073	145.24	89.398	124.23	0	62.881	95.131	71.056	124.76	62.201	93.156	149.35	76.968	113.08	146.41	114.62	114.52	158.4	45.618	135.04	30.381	113.23	100.29	116.85	76.974	53.226	65.651	147.74	114.97	98.499	101.95	134.37	34.828	53.712	69.014	145.77	96.871	124.76	15.133	67.424	101.36	76.164
81.228	58.447	51.633	41.049	45.177	44.811	27.749	37.643	99.83	71.225	67.186	70.47	66.363	72.076	61.327	50.488	77.227	72.952	86.238	112.88	18.574	55.866	107.05	55.399	86.747	108.79	28.723	89.722	39.497	57.801	47.202	108.63	54.203	37.175	47.138	105.21	89.342	88.482	87.253	108.12	51.981	64.358	85.965	118.02	47.35	93.648	62.881	0	59.279	39.962	112.67	77.44	111.67	116.53	57.498	86.741	128.92	95.65	91.302	124.83	61.229	99.292	49.689	102.5	74.713	112.46	96.151	82.432	93.22	112.7	118.26	91.804	113.04	112.54	57.42	92.288	93.686	129.6	95.614	121.35	69.52	62.016	97.191	78.81
69.296	31.209	43.863	31.161	30.512	27.964	37.947	51.72	97.036	57.175	66.242	73.607	66.015	73.682	74.813	66.068	27.386	59.008	48.177	71.722	49.99	40.755	53.526	39.937	45.706	72.201	62.04	59.076	71.958	28.054	35.014	62.49	36.442	63.356	50.398	68.593	34.059	49.244	40.037	59.892	68.411	68.993	66.963	63.765	18.708	34.496	95.131	59.279	0	24.597	100.23	66.656	95.425	79.906	80.585	88.08	100.17	101.49	57.219	102.94	87.983	76.766	80.926	104.8	73.485	71.596	99.131	106.91	105.93	82.855	96.804	57.533	93.536	71.722	73.682	101.63	80.405	89.828	99.75	101.5	102.23	93.242	89.028	84.244
78.81	30.282	26.552	11.225	18.055	28.302	22.204	30.887	99.403	52.479	52.163	61.082	55.145	66.738	61.758	47.896	50.408	46.508	48.703	88.662	35.014	48.374	76.929	48.559	57.879	91.137	37.497	72.904	48.177	40.915	36.674	71.903	23.77	40.608	30.935	84.982	49.769	54.056	47.645	76.485	46.098	49.689	56.93	83.815	21.84	57.385	71.056	39.962	24.597	0	99.725	54.056	88.606	94.117	66.851	84.953	107.51	96.062	65.338	112.08	67.735	85.358	58.086	98.939	69.405	78.262	86.244	87.327	89.459	94.858	95.593	60.042	89.409	83.911	52.498	84.048	69.296	100.85	90.692	101.71	78.549	75.914	83.923	72.069
96.985	71.176	86.221	90.78	81.786	85.592	90.454	84.906	57.671	48.031	66.408	54.129	52.44	41.34	56.666	73.559	109.08	87.189	111.74	72.402	97.206	95.859	102.26	112.34	62.442	99.705	110.9	73.58	101.12	115.19	84.345	80.914	116.95	126.89	122.74	75.862	108.01	70.505	108.47	72.062	98.031	125.36	101.7	90.477	112.73	111.59	124.76	112.67	100.23	99.725	0	81.517	68.542	61.131	65.054	38.131	34.366	36.125	48.806	53.498	83.289	50.249	96.804	26.382	40.571	71.176	60.704	87	75.432	56.666	41.097	62.753	56.223	55.371	91.417	91.154	91.055	55.723	34.928	25.298	118.41	75.934	24.779	49.487
115.33	47	28.337	44.811	45.122	68.125	60.622	41.28	111.01	43.29	22.869	38.38	40.162	62.338	55.335	39.825	91.635	10.05	48.518	102	72.938	91.291	102.42	98.204	66.468	121.3	56.833	96.959	50.488	91.652	74.893	57.567	55.308	65.552	57.507	104.81	67.134	41.737	55.821	81.829	34.453	49.183	23.728	92.849	74.357	84.528	62.201	77.44	66.656	54.056	81.517	0	38.794	101.54	68.622	85.493	94.043	89.252	64.413	117.04	50.971	95.697	49.98	82.928	70.619	55.507	44.317	58.566	50.09	103.89	59.666	39.56	45.585	79.668	32.218	39.064	17.944	87.943	66.761	73.027	62.258	70.576	58.694	46.368
133.76	70.866	64.203	78.924	75.69	95.089	92.011	74.034	115.72	55.145	45.277	50.12	54.314	70.633	69.864	65.338	115.73	47.202	75.067	105.61	103.89	116.05	115.61	126.4	76.164	133.67	93.451	108.7	83.391	121.1	100.07	59.169	92.011	103.99	96.115	112.33	89.095	52.393	79.856	85.188	69.469	86.174	51.788	97.622	107.3	105	93.156	111.67	95.425	88.606	68.542	38.794	0	101.02	84.699	89.073	79.303	88.425	68.22	113.29	71.239	99.222	78.67	76.197	78.473	48.888	36.125	68.942	50.2	104.35	33.121	44.113	14.457	75.829	63.396	47.021	33.66	75.16	60.382	50.695	88.346	86.394	49.071	50.646
67.119	67.313	95.021	91.115	81.719	73.722	90.383	98.6	60.175	65.131	92.634	87.573	80.069	70.342	87.624	98.377	72.904	101.34	104.3	14.036	98.6	72.842	51.962	86.637	39.115	46.733	122.48	34.073	121.73	88.261	71.127	69.441	111.25	132.98	123.45	23.022	84.504	66.738	93.862	33.615	118.38	134.75	112.65	46.336	95.336	76.479	149.35	116.53	79.906	94.117	61.131	101.54	101.02	0	93.963	65.261	39.925	77.447	37.135	34.191	117.84	27.495	123.7	79.58	63.095	68.608	106.48	130.12	121.3	13.928	76.276	66.476	88.837	29.138	116.63	129.25	112.81	40.05	87.937	67.238	148.94	111.41	72.643	90.774
81.498	55.696	58.052	58.318	53.301	56.939	48.394	42.344	63.356	43.943	46.239	34.843	33.136	26.552	15.067	31.417	96.819	71.428	101.51	97.581	47	69.921	111.49	82.735	74.478	106.7	60.49	78.956	50.1	88.482	55.767	100.09	86.429	79.12	84.155	92.407	104.12	79.265	101.85	96.338	58.258	90.211	89.699	112.95	82.098	109.42	76.968	57.498	80.585	66.851	65.054	68.622	84.699	93.963	0	39.319	91.548	41.629	69.642	90.366	37.162	71.225	46.851	47.666	31.969	96.737	58.421	52.431	58.634	86.781	81.59	76.25	82.006	90.609	53.451	72.118	84.776	102.67	42.942	79.246	71.924	18.815	51.865	35.623
69.671	61.741	78.473	77.389	68.535	65.146	68.862	69.75	30.364	45.133	64.792	50.735	46.13	23.728	39.357	60.671	95.708	88.826	113.21	72.787	70.548	71.028	98.484	88.028	62.49	86.781	93.15	59.211	85.299	95.231	61.123	94.81	106.57	110.15	110.03	68.535	107.45	78.339	109.42	79.404	88.781	118.03	106.4	97.55	95.635	107.9	113.08	86.741	88.08	84.953	38.131	85.493	89.073	65.261	39.319	0	61.36	16.279	54	53.009	71.449	40.534	82.855	28.178	16.31	89.644	70.915	81.896	79.461	55.362	70.944	74.027	80.218	69.498	83.744	95.755	100.3	79.215	40.274	60.382	108.08	54.9	42.024	48.775
97.637	77.259	98.077	100.74	91.345	92.266	103.01	101.92	68.666	61.887	84.918	77.363	73.355	65.192	82.28	95.279	102.63	97.637	111.02	52.412	112.09	99.207	85.17	114.61	54.973	86.058	128.2	66.641	122.07	115.43	91.22	69.728	123.01	141.34	132.95	61.368	100.57	67.779	104.46	52.953	116.46	137.56	108.83	68.68	116.11	100.6	146.41	128.92	100.17	107.51	34.366	94.043	79.303	39.925	91.548	61.36	0	65.742	43.139	43.301	109.81	46.325	120.22	60.042	61.604	61.131	85.604	115.73	102.44	41.833	47.707	61.879	65.069	34.453	111.72	113.29	101.73	27.749	67.476	33.897	142.52	105.17	51.118	76.381
85.294	73.355	86.122	87.464	79.209	78.899	79.881	76.72	40.902	53.047	67.949	52.182	50.369	30.232	41.881	64.389	111.02	94.122	122.41	86.377	81.08	86.394	113.39	103.08	75.326	102.48	99.569	75.067	89.09	110.05	75.531	103.41	116.64	117.55	118.68	83.391	119.52	87.212	119.97	91.553	92.59	124.02	111.65	110.13	108.76	121.74	114.62	95.65	101.49	96.062	36.125	89.252	88.425	77.447	41.629	16.279	65.742	0	65.215	61.911	70.314	54.424	84.439	16.401	28.018	96.483	66.287	76.772	73.885	67.838	70.47	81.468	79.937	79.505	86.116	93.059	102.71	86.29	32.14	59.135	107.58	52.64	40.237	46.797
72.54	35.665	60.083	59.841	50.606	52.077	63.891	65.977	65.833	31	56.727	54.534	47.202	45.989	59.473	65.399	63.592	64.514	73.519	39.268	75.16	63	56.383	76.453	14.036	65.992	90.824	41.881	88.769	74.76	53.104	43.92	81.056	101.73	91.989	44.147	61.822	33.061	66.129	28.302	83.03	99.99	76.72	46.562	73.28	62.944	114.52	91.302	57.219	65.338	48.806	64.413	68.22	37.135	69.642	54	43.139	65.215	0	57.671	85.446	37.457	90.36	63.891	43.612	42.048	74.115	97.668	88.419	40.755	51.157	31.686	58.267	22.136	81.099	93.493	76.269	38.613	63.984	49.295	114.16	84.935	46.797	59.825
70.498	84.912	110.96	107.49	97.545	88.148	101.92	109.12	39.038	75.425	102.57	92.401	86.081	68.855	87.596	104.73	97.785	118.84	130.43	45.651	106.37	85.047	83	101.33	64.288	64.039	133.59	49.254	129.79	107.61	83.223	97.268	132.44	147.26	141.68	44.866	114.07	90.581	121.73	66.114	129.75	152.49	133.03	80.436	115.44	107.14	158.4	124.83	102.94	112.08	53.498	117.04	113.29	34.191	90.366	53.009	43.301	61.911	57.671	0	120.24	26.926	129.62	66.918	59.766	93.22	109.7	130.56	123.25	22.913	84.823	87.784	100.3	56.107	126.21	136.78	129.45	61.36	82.012	69.843	155.42	107.25	72.76	92.136
112.08	64.846	49.406	57.914	57.775	73.164	57.801	36.959	98.838	54.461	34.771	33.151	38.588	51.4	33.015	22.847	111.27	55.308	91.869	120.62	59.917	92.65	128.48	101.48	89.811	133.35	47.011	105.81	29.275	102.24	76.217	100.87	78.416	64.692	71.477	118.26	105.21	80.585	97.417	110.95	33.66	67.683	70.774	125.96	88.119	117.05	45.618	61.229	87.983	67.735	83.289	50.971	71.239	117.84	37.162	71.449	109.81	70.314	85.446	120.24	0	100.17	18.385	68.447	61.066	97.185	43.105	21.679	34.103	113.92	82.741	77.182	75.087	105.83	25.768	40.645	63.356	115.82	52.849	87.869	37.283	26.439	61.408	34.843
52.01	59.152	86.076	81.228	71.372	61.278	75.558	84.297	34.073	53.61	81.394	73.082	65.383	50.12	67.868	82.304	73.885	96.234	106.97	34.191	80.808	59.917	65.544	76.485	41.785	51.029	108.12	27	105.92	82.061	56.666	80.187	106.12	121.03	115.26	29.833	91.132	69.9	98.478	50.458	106.02	127.28	110.87	66.355	88.752	85.024	135.04	99.292	76.766	85.358	50.249	95.697	99.222	27.495	71.225	40.534	46.325	54.424	37.457	26.926	100.17	0	107.17	60.671	40.804	78.25	95.174	113.31	107.67	16.31	76.118	68.608	87.955	44.328	103.61	118.65	109.68	57.201	71.281	65.338	133.56	89.292	60.967	75.392
112.34	63.443	42.673	49.86	52.783	69.145	51.039	30.033	108.02	60.465	39.256	43.784	46.915	61.887	43.863	25.612	105.66	51.313	83.94	124.45	52.972	89.208	126.81	95.068	92.022	134.08	30.594	108.3	12.369	94.372	73.41	101.61	65.704	47.276	56.116	121.47	99.04	81.24	90.499	113.38	21.19	52.697	65.062	126.56	78.147	111.51	30.381	49.689	80.926	58.086	96.804	49.98	78.67	123.7	46.851	82.855	120.22	84.439	90.36	129.62	18.385	107.17	0	84.018	70.633	100.28	56.692	35.581	48.052	120.68	93.456	79.931	83.964	111.25	18.276	45.891	62.642	122.97	69.13	100.21	27.24	38.897	74.679	49.051
97.376	74.713	85.053	89.359	81.296	85.1	85.311	78.134	54.314	50.863	63.135	47.392	47.603	32.757	43.301	63.961	116.34	89.118	119.3	89.409	88.685	95.671	116.67	112.09	75.756	110.31	101.96	82.377	89.967	117.09	83.175	97.75	117.53	119.82	119.81	89.056	118.8	82.819	117.83	90.648	90.741	122.19	105.71	109.43	113.58	123.24	113.23	102.5	104.8	98.939	26.382	82.928	76.197	79.58	47.666	28.178	60.042	16.401	63.891	66.918	68.447	60.671	84.018	0	34.264	89.073	54.964	71.309	64.545	72.076	57.628	75.617	67.446	76.59	83.241	84.339	94.335	80.48	20.1	46.562	105.21	55.66	28.74	39.862
66.978	45.978	62.322	61.474	52.564	51.633	54.626	54.653	41.376	29.883	50.398	38.026	31.78	10.63	28.089	46.872	83.917	73.253	97.268	68.527	58.472	61.522	89.336	77.84	51	83.096	79.051	54.166	72.042	83.156	49.051	82.177	90.554	95.53	94.34	64.877	92.736	64.195	93.91	70.392	74.243	102.33	90.885	88.261	81.327	94.731	100.29	74.713	73.485	69.405	40.571	70.619	78.473	63.095	31.969	16.31	61.604	28.018	43.612	59.766	61.066	40.804	70.633	34.264	0	78.038	62.378	73.817	71.176	55.723	64.273	60.548	70.774	62.418	69.864	84.552	86.168	74.25	38.236	57.533	96.514	49.01	36.249	39.051
111.42	56.285	65.651	72.726	67.506	79.649	86.522	80.38	106.48	53.113	62.594	68.162	65.023	75.598	82.879	80.156	83.355	55.946	57.663	69.239	100.78	95.713	73.396	104.73	44.733	98.565	101.77	80.461	99.398	97.124	84.404	14.036	82.595	108.75	94.71	79.152	55.588	24.352	53.6	43.046	86.545	94.583	58.532	50.99	88.803	66.678	116.85	112.46	71.596	78.262	71.176	55.507	48.888	68.608	96.737	89.644	61.131	96.483	42.048	93.22	97.185	78.25	100.28	89.073	78.038	0	74.572	104.44	90.033	77.311	43.875	21.633	42.273	39.774	84.906	87.023	57.315	41.701	81.792	54.791	117.15	106.84	62.402	73.505
125.5	70.321	61.604	75.073	71.61	89.269	81.603	61.221	100.93	49.295	34.103	30.083	38.639	52.402	45.891	45.76	120.62	53.861	91.728	112.41	89.286	109.59	126.64	121.39	83.271	135.82	80.262	107.56	65.276	120.05	92.612	83.463	95.053	95.42	94.292	115.09	104.93	68.542	96.664	98.975	57.645	86.041	66.355	114.81	106.89	118.53	76.974	96.151	99.131	86.244	60.704	44.317	36.125	106.48	58.421	70.915	85.604	66.287	74.115	109.7	43.105	95.174	56.692	54.964	62.378	74.572	0	36.905	18.028	105.06	47.202	60.704	38.91	88.47	48.27	31.906	49.051	91.575	35.114	55.471	67.941	55.254	37.269	24.536
131.02	82.043	65.917	77.084	76.72	93.354	78.975	57.079	111.07	67.335	45.88	43.186	51.332	63.561	47.434	41.881	130.52	65.368	104.37	134.5	81.548	113.08	145.02	122.61	104.07	150.69	65.955	122.36	47.781	123.02	96.39	110.28	95.65	82.055	88.482	133.59	120.37	91.837	111.22	123.72	48.177	79.706	78.416	139.24	108.37	133.78	53.226	82.432	106.91	87.327	87	58.566	68.942	130.12	52.431	81.896	115.73	76.772	97.668	130.56	21.679	113.31	35.581	71.309	73.817	104.44	36.905	0	20.905	126.39	83.102	86.689	74.404	116.19	38.91	32.404	65.985	123.16	53.488	89.09	40.274	38.484	64.815	40.05
132.83	78.804	65.038	78.492	76.766	94.942	83.75	61.425	109.74	60.539	39.975	37.417	46.669	60.671	49	45.486	129.05	58.958	98.484	126.61	89.426	115.56	138.97	126.26	96.379	147.24	75.611	118.76	58.703	125.37	98.397	97.678	97.108	90.94	93.091	127.91	114.39	81.443	105.02	113.76	53.273	82.934	70.979	129.33	110.86	128.66	65.651	93.22	105.93	89.459	75.432	50.09	50.2	121.3	58.634	79.461	102.44	73.885	88.419	123.25	34.103	107.67	48.052	64.545	71.176	90.033	18.028	20.905	0	118.97	65.215	74.766	55.758	104.51	43.301	23.728	54.599	108.91	44.699	72.952	54.415	49.88	52.383	32.512
59.942	68.184	95.964	91.422	81.695	71.924	87.869	96.737	46.744	64.031	92.092	85	77.466	64.265	82.219	95.436	76.505	104.18	110.84	23.601	94.308	69.441	60.448	84.652	44.181	46.968	120.68	30.676	119.17	88.736	67.978	78.943	114.02	132.47	124.84	24	92.331	72.966	101.1	44.878	117.7	136.72	117.19	58.796	96.597	84.445	147.74	112.7	82.855	94.858	56.666	103.89	104.35	13.928	86.781	55.362	41.833	67.838	40.755	22.913	113.92	16.31	120.68	72.076	55.723	77.311	105.06	126.39	118.97	0	79.032	72.035	92.163	38.949	115.51	128.97	116.45	49.699	82.722	67.963	146.64	104.6	69.95	87.373
119.49	69.491	75.967	86.209	79.473	92.288	94.8	82.849	93.867	48.888	56.027	52.697	53.749	59.816	67.72	73.089	110.93	66.491	89.633	84.018	105.91	108.91	103.53	122.26	63.103	115.75	107.27	91.132	97.739	119.57	94.895	57.044	105.31	120.09	112.12	91.946	93.011	52.096	89.196	68.935	87.653	108.53	75.439	84.054	111.27	103.14	114.97	118.26	96.804	95.593	41.097	59.666	33.121	76.276	81.59	70.944	47.707	70.47	51.157	84.823	82.741	76.118	93.456	57.628	64.273	43.875	47.202	83.102	65.215	79.032	0	42.154	18.815	53.991	81.327	72.153	62.016	49.417	49.528	18.574	109.64	88.391	32.078	50.853
97.745	36.715	45.848	53.113	47.339	61.351	66.136	59.135	93.306	33	42.685	48.6	44.632	57.088	62.554	58.966	73.539	39.875	50.882	67.007	80.156	79.706	71.687	89.381	34.598	92.45	81.639	70.356	78.816	83.024	66.393	25	67.631	90.3	78.141	73.355	51.245	10.05	48.052	44.283	67.305	79.511	48.27	56.462	73.253	63.04	98.499	91.804	57.533	60.042	62.753	39.56	44.113	66.476	76.25	74.027	61.879	81.468	31.686	87.784	77.182	68.608	79.931	75.617	60.548	21.633	60.704	86.689	74.766	72.035	42.154	0	38.717	41.352	65.612	72.863	47.339	50.07	67.007	52.019	98.757	86.406	49.417	55.525
126.1	67.491	66.94	79.787	74.873	91.712	91.241	75.908	105.49	49.457	47.339	48.754	51.488	64.187	67.186	66.828	111.33	53.226	78.778	94.493	103.08	111.08	108.04	122.71	67.809	124.21	98.01	99.343	88.335	118.35	95.807	54.351	95.692	109.57	101.34	101.81	87.915	48.27	81.056	75.591	75.954	94.536	60.108	89.146	106.85	101.51	101.95	113.04	93.536	89.409	56.223	45.585	14.457	88.837	82.006	80.218	65.069	79.937	58.267	100.3	75.087	87.955	83.964	67.446	70.774	42.273	38.91	74.404	55.758	92.163	18.815	38.717	0	64.164	69.814	57.498	44.654	62.225	54.305	36.783	97.067	86.215	39.711	48.539
84.226	55.767	79.12	79.467	70.845	71.372	84.9	87.241	76.577	51.701	75.498	73.743	67.454	65.582	80.256	86.539	72.76	79.937	83.024	32.619	96.39	79.051	54.12	91.537	27.221	66.851	111.63	49.78	109.88	88.831	72.125	42.391	97.036	121.3	109.71	44.147	67.941	42.767	74.101	19.053	102.65	116.86	88.972	35.805	89.364	66.768	134.37	112.54	71.722	83.911	55.371	79.668	75.829	29.138	90.609	69.498	34.453	79.505	22.136	56.107	105.83	44.328	111.25	76.59	62.418	39.774	88.47	116.19	104.51	38.949	53.991	41.352	64.164	0	100.64	109.13	88.21	19.519	78.651	50.853	133.97	105.69	59.615	77.724
113.75	55.29	30.871	43.197	46.152	66.851	51.274	27.092	109.88	52.402	27	37.457	40.853	60.647	45.321	23.791	99.725	33.867	68.877	117.15	58.086	89.174	118.25	95.174	82.741	130.12	34.264	104.51	21.095	91.902	72.533	86.267	57.105	47.969	50.408	116.13	86.377	67.007	76.381	102.6	10.05	43.232	47.339	115.02	74.088	101.04	34.828	57.42	73.682	52.498	91.417	32.218	63.396	116.63	53.451	83.744	111.72	86.116	81.099	126.21	25.768	103.61	18.276	83.241	69.864	84.906	48.27	38.91	43.301	115.51	81.327	65.612	69.814	100.64	0	35.384	44.565	111.4	66.791	90.626	33.675	49.346	67.904	44.565
140.47	78.873	58.352	73.986	74.793	96.338	83.863	59.716	125.3	66.558	40.162	46.765	54.708	74.068	61.465	49.01	127.02	47.106	85.112	132.58	91.378	118.88	138.87	127	99.086	152.66	69.065	125.61	54.415	123.31	101.59	92.812	85.889	80.629	81.049	134.62	106.06	77.962	94.202	115.58	43.463	66.038	54.525	128.81	105.83	123.1	53.712	92.288	101.63	84.048	91.154	39.064	47.021	129.25	72.118	95.755	113.29	93.059	93.493	136.78	40.645	118.65	45.891	84.339	84.552	87.023	31.906	32.404	23.728	128.97	72.153	72.863	57.498	109.13	35.384	0	38.652	114.17	64.413	84.315	45.144	64.211	66.656	47.181
132.14	63.159	44.822	61.106	62.113	85.094	78.032	58.498	126.4	58.549	38.794	52.735	55.902	77.705	71.162	56.321	104.96	22.825	51.633	113.58	90.41	108.12	113.25	114.43	78.842	135.24	70.739	111.75	64.226	106.63	92.092	60.399	65.917	77.013	68.007	118.08	74.33	50.16	61.106	90.94	46.872	54.378	21.095	100.42	88.651	93.696	69.014	93.686	80.405	69.296	91.055	17.944	33.66	112.81	84.776	100.3	101.73	102.71	76.269	129.45	63.356	109.68	62.642	94.335	86.168	57.315	49.051	65.985	54.599	116.45	62.016	47.339	44.654	88.21	44.565	38.652	0	93.477	77.117	78.198	68.629	84.953	68.476	58.566
101.89	72.409	92.742	95.53	87.167	89.95	102.12	101.56	87.184	63.922	85.188	82.807	78.147	76.577	91.444	98.6	91.537	89.716	94.308	46.744	113.75	98.316	70.029	111.04	46.109	82.68	126.48	67.387	123.01	108.14	90.835	48.353	112.41	136.58	124.79	59.783	81.933	53.833	86.545	35.242	114.48	129.19	97.185	47.106	107.71	82.517	145.77	129.6	89.828	100.85	55.723	87.943	75.16	40.05	102.67	79.215	27.749	86.29	38.613	61.36	115.82	57.201	122.97	80.48	74.25	41.701	91.575	123.16	108.91	49.699	49.417	50.07	62.225	19.519	111.4	114.17	93.477	0	82.735	45.442	144.13	116.38	63.063	84.876
105.2	68.717	72.732	80.131	73.355	82.498	79.234	66.851	69.9	43.578	47.603	32.342	35.861	31.129	34.337	50.784	115.52	74.014	107.69	96.26	84.03	97.391	118.71	112.4	75.333	118.16	89.95	89.275	76.328	115.28	82.523	90.747	106.72	107.63	107.71	96.887	111.9	74.746	108.37	91.679	75.166	106.93	90.144	109.95	108.04	119.7	96.871	95.614	99.75	90.692	34.928	66.761	60.382	87.937	42.942	40.274	67.476	32.14	63.984	82.012	52.849	71.281	69.13	20.1	38.236	81.792	35.114	53.488	44.699	82.722	49.528	67.007	54.305	78.651	66.791	64.413	77.117	82.735	0	44.944	88.233	46.669	20.445	22.561
112.63	73.28	84.723	92.526	84.481	93.199	97.601	88.595	80.784	50.941	64.452	56.868	56.692	55.399	67.253	77.994	112.47	79.41	102.24	77.318	107.22	106.83	102.96	121.77	62.952	109.27	114.31	84.605	104.62	121.28	94.117	67.075	114.74	128.51	121.7	84.635	101.44	61.278	100.02	68.418	97.211	120.81	90.543	85.1	115.95	108.24	124.76	121.35	101.5	101.71	25.298	73.027	50.695	67.238	79.246	60.382	33.897	59.135	49.295	69.843	87.869	65.338	100.21	46.562	57.533	54.791	55.471	89.09	72.952	67.963	18.574	52.019	36.783	50.853	90.626	84.315	78.198	45.442	44.944	0	118.81	87.943	28.107	53.376
139.03	87.481	62.249	71.582	76.368	94.387	75.703	54.736	134.32	84.416	59.017	65.582	70.661	87.121	68.949	51.284	128.35	64.07	95.551	149.73	77.279	114.74	150.21	118.76	115.96	160.28	46.065	134.87	33.242	116.57	99.343	118.75	79.164	55.507	66.295	147.61	116.25	100.29	105.11	136.19	35.143	54.139	72.187	148.41	98.189	131.3	15.133	69.52	102.23	78.549	118.41	62.258	88.346	148.94	71.924	108.08	142.52	107.58	114.16	155.42	37.283	133.56	27.24	105.21	96.514	117.15	67.941	40.274	54.415	146.64	109.64	98.757	97.067	133.97	33.675	45.144	68.629	144.13	88.233	118.81	0	59.741	94.916	68.978
99.298	68.92	63.734	66.94	64.101	71.624	59.11	47.212	80.012	56.4	49.376	39.497	41.929	41.725	25.554	33.601	112.08	74.485	108.35	115.37	56.754	86.134	128.27	97.309	90.227	125.27	60.008	97.529	45.804	102.2	71.596	110.93	92.38	79.006	86.96	110.84	115.51	90.05	110.98	112.02	55.48	89.073	91.859	128.51	93.113	123.18	67.424	62.016	93.242	75.914	75.934	70.576	86.394	111.41	18.815	54.9	105.17	52.64	84.935	107.25	26.439	89.292	38.897	55.66	49.01	106.84	55.254	38.484	49.88	104.6	88.391	86.406	86.215	105.69	49.346	64.211	84.953	116.38	46.669	87.943	59.741	0	59.867	38.013
99.94	58.086	66.197	73.763	66.068	75.75	76.145	65.399	69.296	32.202	43.151	31.369	31.969	30.676	39.762	52.545	103.62	65.33	94.8	80.784	84.03	91.187	102.94	106.12	59.169	106.34	90.78	78.23	79.712	107.09	76.564	71.896	99.066	106.74	103.12	83.696	96.819	57.801	94.133	73.355	75.087	103.06	80.337	91.4	100.23	104.49	101.36	97.191	89.028	83.923	24.779	58.694	49.071	72.643	51.865	42.024	51.118	40.237	46.797	72.76	61.408	60.967	74.679	28.74	36.249	62.402	37.269	64.815	52.383	69.95	32.078	49.417	39.711	59.615	67.904	66.656	68.476	63.063	20.445	28.107	94.916	59.867	0	26.627
102.22	54.065	51.817	61.041	55.767	69.419	62.873	46.583	78.67	31.78	25.865	11.18	18.412	28.636	22.226	30.166	103.74	53.263	88.893	96.234	69.239	87.966	111.62	100.89	68.425	116.03	69.239	87.184	55.669	101.73	71.407	80.436	86.168	86.331	86.168	96.509	96.566	62.016	91.181	87.144	52.811	84.41	70.036	104.13	91.263	106.74	76.164	78.81	84.244	72.069	49.487	46.368	50.646	90.774	35.623	48.775	76.381	46.797	59.825	92.136	34.843	75.392	49.051	39.862	39.051	73.505	24.536	40.05	32.512	87.373	50.853	55.525	48.539	77.724	44.565	47.181	58.566	84.876	22.561	53.376	68.978	38.013	26.627	0
