3.3881
2.4981
2.0139
2.4407
2.5825
9.3511
10
3.5308
7.6123
7.1661
3.6736
6.7278
3.8592
8.0109
8.3268
8.3621
2.8983
2.8261
2.9839
3.0529
5.0562
3.0485
2.7655
3.0156
2.3825
2.2125
4.9189
2.6687
3.149
7.8387
4.1312
3.2694
5.521
5.9922
7.0181
1.7575
2.7769
2.8027
1
3.0186
5.5782
2.8097
1.7575
2.7769
2.8027
1
3.0186
5.5782
2.8097
3.3881
2.4981
2.0139
2.4407
2.5825
9.3511
10
3.5308
7.6123
7.1661
3.6736
6.7278
3.8592
8.0109
8.3268
8.3621
2.8983
2.8261
2.9839
3.0529
5.0562
3.0485
2.7655
3.0156
2.3825
2.2125
4.9189
2.6687
3.149
7.8387
4.1312
3.2694
5.521
5.9922
7.0181
